Rows:	1. Emission energy (units)	2. Stepped axis energy (units)	3. Population scan steps (ps)	4. Value labels	5. Additional values	6. Scan notes
1533.513066	1534.274703	1535.036340	1535.797977	1536.559614	1537.321251	1538.082888	1538.844525	1539.606163	1540.367800	1541.129437	1541.891074	1542.652711	1543.414348	1544.175985	1544.937622	1545.699259	1546.460896	1547.222533	1547.984170	1548.745807	1549.507444	1550.269081	1551.030718	1551.792355	1552.553992	1553.315629	1554.077267	1554.838904	1555.600541	1556.362178	1557.123815	1557.885452	1558.647089	1559.408726	1560.170363	1560.932000	1561.693637	1562.455274	1563.216911	1563.978548	1564.740185	1565.501822	1566.263459	1567.025096	1567.786733	1568.548371	1569.310008	1570.071645	1570.833282	1571.594919	1572.356556	1573.118193	1573.879830	1574.641467	1575.403104	1576.164741	1576.926378	1577.688015	1578.449652	1579.211289	1579.972926	1580.734563	1581.496200	1582.257837	1583.019475	1583.781112	1584.542749	1585.304386	1586.066023	1586.827660	1587.589297	1588.350934	1589.112571	1589.874208	1590.635845	1591.397482	1592.159119	1592.920756	1593.682393	1594.444030	1595.205667	1595.967304	1596.728941	1597.490579	1598.252216	1599.013853	1599.775490	1600.537127	1601.298764	1602.060401	1602.822038	1603.583675	1604.345312	1605.106949	1605.868586	1606.630223	1607.391860	1608.153497	1608.915134	1609.676771	1610.438408	1611.200045	1611.961683	1612.723320	1613.484957	1614.246594	1615.008231	1615.769868	1616.531505	1617.293142	1618.054779	1618.816416	1619.578053	1620.339690	1621.101327	1621.862964	1622.624601	1623.386238	1624.147875	1624.909512	1625.671149	1626.432787	1627.194424	1627.956061	1628.717698	1629.479335	1630.240972	1631.002609	1631.764246	1632.525883	1633.287520	1634.049157	1634.810794	1635.572431	1636.334068	1637.095705	1637.857342	1638.618979	1639.380616	1640.142253	1640.903891	1641.665528	1642.427165	1643.188802	1643.950439	1644.712076	1645.473713	1646.235350	1646.996987	1647.758624	1648.520261	1649.281898	1650.043535	1650.805172	1651.566809	1652.328446	1653.090083	1653.851720	1654.613357	1655.374995	1656.136632	1656.898269	1657.659906	1658.421543	1659.183180	1659.944817	1660.706454	1661.468091	1662.229728	1662.991365	1663.753002	1664.514639	1665.276276	1666.037913	1666.799550	1667.561187	1668.322824	1669.084462	1669.846099	1670.607736	1671.369373	1672.131010	1672.892647	1673.654284	1674.415921	1675.177558	1675.939195	1676.700832	1677.462469	1678.224106	1678.985743	1679.747380	1680.509017	1681.270654	1682.032291	1682.793928	1683.555566	1684.317203	1685.078840	1685.840477	1686.602114	1687.363751	1688.125388	1688.887025	1689.648662	1690.410299	1691.171936	1691.933573	1692.695210	1693.456847	1694.218484	1694.980121	1695.741758	1696.503395	1697.265032	1698.026670	1698.788307	1699.549944	1700.311581	1701.073218	1701.834855	1702.596492	1703.358129	1704.119766	1704.881403	1705.643040	1706.404677	1707.166314	1707.927951	1708.689588	1709.451225	1710.212862	1710.974499	1711.736136	1712.497774	1713.259411	1714.021048	1714.782685	1715.544322	1716.305959	1717.067596	1717.829233	1718.590870	1719.352507	1720.114144	1720.875781	1721.637418	1722.399055	1723.160692	1723.922329	1724.683966	1725.445603	1726.207240	1726.968878	1727.730515	1728.492152	1729.253789	1730.015426	1730.777063	1731.538700	1732.300337	1733.061974	1733.823611	1734.585248	1735.346885	1736.108522	1736.870159	1737.631796	1738.393433	1739.155070	1739.916707	1740.678344	1741.439982	1742.201619	1742.963256	1743.724893	1744.486530	1745.248167	1746.009804	1746.771441	1747.533078	1748.294715	1749.056352	1749.817989	1750.579626	1751.341263	1752.102900	1752.864537	1753.626174	1754.387811	1755.149448	1755.911086	1756.672723	1757.434360	1758.195997	1758.957634	1759.719271	1760.480908	1761.242545	1762.004182	1762.765819	1763.527456	1764.289093	1765.050730	1765.812367	1766.574004	1767.335641	1768.097278	1768.858915	1769.620552	1770.382190	1771.143827	1771.905464	1772.667101	1773.428738	1774.190375	1774.952012	1775.713649	1776.475286	1777.236923	1777.998560
-1594.873413	-1593.883730	-1592.894047	-1591.904364	-1590.914681	-1589.924998	-1588.935315	-1587.945632	-1586.955949	-1585.966266	-1584.976583	-1583.986900	-1582.997217	-1582.007534	-1581.017851	-1580.028168	-1579.038485	-1578.048802	-1577.059118	-1576.069435	-1575.079752	-1574.090069	-1573.100386	-1572.110703	-1571.121020	-1570.131337	-1569.141654	-1568.151971	-1567.162288	-1566.172605	-1565.182922	-1564.193239	-1563.203556	-1562.213873	-1561.224190	-1560.234507	-1559.244824	-1558.255141	-1557.265458	-1556.275775	-1555.286092	-1554.296409	-1553.306726	-1552.317043	-1551.327360	-1550.337677	-1549.347994	-1548.358311	-1547.368628	-1546.378945	-1545.389262	-1544.399579	-1543.409896	-1542.420213	-1541.430530	-1540.440847	-1539.451164	-1538.461481	-1537.471798	-1536.482115	-1535.492432	-1534.502749
0.049649
Scan type	Energy units	# averages	Plot range min (units)	Plot range max (units)	Step axis start (ps)	Step axis step (ps)	Time constant (ms)
1Q-R	meV	2.000000	1534.713066	1594.713066	0.000000	0.067400	26.214300
Scan Notes:	Sample = GaAs QW 
T=3.2K
ExWl=800nm
Power/beam = 800/7 uW
BP 800nm-40 
